time,u,y,x1,x2,x3,x4,x5,x6
0.00002,0.01,0.00,0.00,0.00,0.00,0.00,0.00,0.00
0.00022,0.05,0.05,0.01,0.05,0.01,0.05,0.00,0.05
0.00042,0.10,0.13,0.00,0.12,0.00,0.13,0.00,0.13
0.00062,0.14,0.13,-0.00,0.13,0.00,0.13,0.00,0.13
0.00082,0.18,0.18,0.00,0.18,0.00,0.18,0.00,0.18
0.00102,0.22,0.24,-0.00,0.24,0.00,0.24,0.00,0.24
0.00122,0.26,0.24,-0.01,0.24,0.00,0.24,0.00,0.24
0.00142,0.29,0.30,0.00,0.29,0.00,0.30,0.00,0.30
0.00162,0.32,0.35,-0.01,0.34,-0.00,0.35,0.00,0.35
0.00182,0.36,0.34,-0.01,0.34,0.00,0.34,0.00,0.34
0.00202,0.39,0.40,-0.00,0.39,0.00,0.39,0.00,0.40
0.00222,0.42,0.43,-0.01,0.43,-0.00,0.43,-0.00,0.43
0.00242,0.44,0.43,-0.01,0.42,0.00,0.42,0.00,0.43
0.00262,0.47,0.48,-0.00,0.48,0.00,0.48,0.00,0.48
0.00282,0.49,0.51,-0.01,0.50,-0.00,0.51,-0.00,0.51
0.00302,0.52,0.50,-0.01,0.49,0.00,0.50,0.00,0.50
0.00322,0.54,0.56,-0.01,0.55,0.00,0.56,0.00,0.56
0.00342,0.56,0.57,-0.02,0.56,-0.00,0.57,-0.00,0.57
0.00362,0.58,0.57,-0.01,0.56,0.00,0.57,0.00,0.57
0.00382,0.60,0.62,-0.01,0.61,0.00,0.62,0.00,0.62
0.00402,0.62,0.63,-0.02,0.62,-0.00,0.62,-0.00,0.63
0.00422,0.64,0.62,-0.01,0.62,0.00,0.62,0.00,0.62
0.00442,0.66,0.68,-0.01,0.67,0.00,0.67,0.00,0.68
0.00462,0.67,0.67,-0.02,0.66,-0.00,0.67,-0.00,0.67
0.00482,0.69,0.68,-0.01,0.67,0.00,0.67,0.00,0.68
0.00502,0.70,0.72,-0.01,0.71,-0.00,0.72,0.00,0.72
0.00522,0.72,0.71,-0.02,0.70,-0.00,0.71,-0.00,0.71
0.00542,0.73,0.72,-0.01,0.71,0.00,0.72,0.00,0.72
0.00562,0.74,0.76,-0.02,0.75,-0.00,0.76,0.00,0.76
0.00582,0.75,0.75,-0.02,0.74,-0.00,0.74,-0.00,0.75
0.00602,0.77,0.76,-0.01,0.75,0.00,0.76,0.00,0.76
0.00622,0.78,0.80,-0.02,0.79,-0.00,0.80,0.00,0.80
0.00642,0.79,0.78,-0.02,0.77,-0.00,0.77,-0.00,0.78
0.00662,0.80,0.80,-0.01,0.79,0.00,0.79,0.00,0.80
0.00682,0.81,0.83,-0.02,0.82,-0.00,0.82,0.00,0.83
0.00702,0.82,0.80,-0.02,0.79,-0.00,0.80,0.00,0.80
0.00722,0.82,0.83,-0.02,0.82,0.00,0.83,0.00,0.83
0.00742,0.83,0.85,-0.02,0.84,-0.00,0.85,-0.00,0.85
0.00762,0.84,0.83,-0.02,0.81,-0.00,0.82,0.00,0.83
0.00782,0.85,0.85,-0.02,0.84,0.00,0.85,0.00,0.85
0.00802,0.85,0.87,-0.02,0.86,-0.00,0.87,-0.00,0.87
0.00822,0.86,0.85,-0.02,0.84,-0.00,0.84,0.00,0.85
0.00842,0.87,0.88,-0.02,0.87,0.00,0.88,0.00,0.88
0.00862,0.87,0.88,-0.02,0.87,-0.00,0.88,-0.00,0.88
0.00882,0.88,0.86,-0.02,0.85,-0.00,0.86,0.00,0.86
0.00902,0.89,0.90,-0.02,0.89,0.00,0.90,0.00,0.90
0.00922,0.89,0.90,-0.02,0.89,-0.00,0.89,-0.00,0.90
0.00942,0.90,0.88,-0.02,0.87,-0.00,0.88,0.00,0.88
0.00962,0.90,0.92,-0.02,0.90,-0.00,0.91,0.00,0.92
0.00982,0.91,0.91,-0.03,0.90,-0.00,0.91,-0.00,0.91
0.01002,0.91,0.90,-0.02,0.89,-0.00,0.90,0.00,0.90
0.01022,0.91,0.93,-0.02,0.92,-0.00,0.93,0.00,0.93
0.01042,0.92,0.92,-0.03,0.91,-0.00,0.91,-0.00,0.92
0.01062,0.92,0.91,-0.02,0.90,-0.00,0.91,0.00,0.91
0.01082,0.93,0.94,-0.02,0.93,-0.00,0.94,0.00,0.94
0.01102,0.93,0.92,-0.03,0.91,-0.00,0.92,-0.00,0.92
0.01122,0.93,0.93,-0.02,0.91,0.00,0.92,0.00,0.93
0.01142,0.94,0.95,-0.02,0.94,-0.00,0.95,0.00,0.95
0.01162,0.94,0.93,-0.03,0.92,-0.00,0.93,-0.00,0.93
0.01182,0.94,0.94,-0.02,0.93,0.00,0.94,0.00,0.94
0.01202,0.94,0.96,-0.02,0.95,-0.00,0.96,0.00,0.96
0.01222,0.95,0.94,-0.02,0.92,-0.00,0.93,-0.00,0.94
0.01242,0.95,0.95,-0.02,0.94,0.00,0.95,0.00,0.95
0.01262,0.95,0.97,-0.02,0.95,-0.00,0.96,0.00,0.97
0.01282,0.95,0.94,-0.02,0.93,-0.00,0.94,-0.00,0.94
0.01302,0.96,0.96,-0.02,0.95,0.00,0.96,0.00,0.96
0.01322,0.96,0.97,-0.03,0.96,-0.00,0.97,-0.00,0.97
0.01342,0.96,0.95,-0.02,0.93,-0.00,0.94,0.00,0.95
0.01362,0.96,0.97,-0.02,0.96,0.00,0.97,0.00,0.97
0.01382,0.96,0.97,-0.03,0.96,-0.00,0.97,-0.00,0.97
0.01402,0.96,0.95,-0.02,0.94,-0.00,0.95,0.00,0.95
0.01422,0.97,0.98,-0.02,0.96,-0.00,0.97,0.00,0.98
0.01442,0.97,0.98,-0.03,0.96,-0.00,0.97,-0.00,0.98
0.01462,0.97,0.96,-0.02,0.94,-0.00,0.95,0.00,0.96
0.01482,0.97,0.98,-0.02,0.97,-0.00,0.98,0.00,0.98
0.01502,0.97,0.98,-0.03,0.96,-0.00,0.97,-0.00,0.98
0.01522,0.97,0.96,-0.02,0.95,-0.00,0.96,0.00,0.96
0.01542,0.97,0.99,-0.02,0.98,-0.00,0.99,0.00,0.99
0.01562,0.98,0.98,-0.03,0.96,-0.00,0.97,-0.00,0.98
0.01582,0.98,0.97,-0.02,0.95,-0.00,0.96,0.00,0.97
0.01602,0.98,0.99,-0.02,0.98,-0.00,0.99,0.00,0.99
0.01622,0.98,0.98,-0.03,0.96,-0.00,0.97,-0.00,0.98
0.01642,0.98,0.97,-0.02,0.96,-0.00,0.97,0.00,0.97
0.01662,0.98,1.00,-0.02,0.98,-0.00,0.99,0.00,1.00
0.01682,0.98,0.98,-0.03,0.96,-0.00,0.97,-0.00,0.98
0.01702,0.98,0.98,-0.02,0.96,-0.00,0.97,0.00,0.98
0.01722,0.98,1.00,-0.02,0.99,-0.00,1.00,0.00,1.00
0.01742,0.98,0.98,-0.03,0.96,-0.00,0.97,-0.00,0.98
0.01762,0.98,0.98,-0.02,0.97,-0.00,0.98,0.00,0.98
0.01782,0.99,1.00,-0.02,0.99,-0.00,1.00,0.00,1.00
0.01802,0.99,0.98,-0.03,0.96,-0.00,0.97,-0.00,0.98
0.01822,0.99,0.99,-0.02,0.97,-0.00,0.98,0.00,0.99
0.01842,0.99,1.00,-0.03,0.99,-0.00,1.00,0.00,1.00
0.01862,0.99,0.98,-0.03,0.97,-0.00,0.98,0.00,0.98
0.01882,0.99,0.99,-0.02,0.98,-0.00,0.99,0.00,0.99
0.01902,0.99,1.00,-0.03,0.99,-0.00,1.00,-0.00,1.00
0.01922,0.99,0.98,-0.02,0.97,-0.00,0.98,0.00,0.98
0.01942,0.99,1.00,-0.02,0.98,-0.00,0.99,0.00,1.00
0.01962,0.99,1.00,-0.03,0.99,-0.00,1.00,-0.00,1.00
0.01982,0.99,0.98,-0.02,0.97,-0.00,0.98,0.00,0.98
0.02002,0.99,1.00,-0.02,0.99,-0.00,1.00,0.00,1.00
0.02022,0.99,1.00,-0.03,0.98,-0.00,0.99,-0.00,1.00
0.02042,0.99,0.98,-0.02,0.97,-0.00,0.98,0.00,0.98
0.02062,0.99,1.00,-0.02,0.99,-0.00,1.00,0.00,1.00
0.02082,0.99,1.00,-0.03,0.98,-0.00,0.99,-0.00,1.00
0.02102,0.99,0.98,-0.02,0.97,-0.00,0.98,0.00,0.98
0.02122,0.99,1.00,-0.02,0.99,-0.00,1.00,0.00,1.00
0.02142,0.99,0.99,-0.03,0.98,-0.00,0.99,-0.00,0.99
0.02162,0.99,0.99,-0.02,0.97,-0.00,0.98,0.00,0.99
0.02182,0.99,1.01,-0.02,0.99,-0.00,1.00,0.00,1.01
0.02202,0.99,0.99,-0.03,0.98,-0.00,0.99,-0.00,0.99
0.02222,0.99,0.99,-0.02,0.98,-0.00,0.99,0.00,0.99
0.02242,0.99,1.01,-0.02,0.99,-0.00,1.00,0.00,1.01
0.02262,0.99,0.99,-0.03,0.98,-0.00,0.99,-0.00,0.99
0.02282,0.99,0.99,-0.02,0.98,-0.00,0.99,0.00,0.99
0.02302,0.99,1.01,-0.02,0.99,-0.00,1.00,0.00,1.01
0.02322,0.99,0.99,-0.03,0.98,-0.00,0.99,-0.00,0.99
0.02342,1.00,0.99,-0.02,0.98,-0.00,0.99,0.00,0.99
0.02362,1.00,1.01,-0.02,0.99,-0.00,1.00,0.00,1.01
0.02382,1.00,0.99,-0.03,0.98,-0.00,0.99,0.00,0.99
0.02402,1.00,1.00,-0.02,0.98,-0.00,0.99,0.00,1.00
0.02422,1.00,1.01,-0.03,0.99,-0.00,1.00,0.00,1.01
0.02442,1.00,0.99,-0.03,0.98,-0.00,0.99,0.00,0.99
0.02462,1.00,1.00,-0.02,0.99,-0.00,1.00,0.00,1.00
0.02482,1.00,1.01,-0.03,0.99,-0.00,1.00,-0.00,1.01
0.02502,1.00,0.99,-0.02,0.98,-0.00,0.99,0.00,0.99
0.02522,1.00,1.00,-0.02,0.99,-0.00,1.00,0.00,1.00
0.02542,1.00,1.00,-0.03,0.99,-0.00,1.00,-0.00,1.00
0.02562,1.00,0.99,-0.02,0.98,-0.00,0.99,0.00,0.99
0.02582,1.00,1.00,-0.02,0.99,-0.00,1.00,0.00,1.00
0.02602,1.00,1.00,-0.03,0.99,-0.00,1.00,-0.00,1.00
0.02622,1.00,0.99,-0.02,0.98,-0.00,0.99,0.00,0.99
0.02642,1.00,1.01,-0.02,0.99,-0.00,1.00,0.00,1.01
0.02662,1.00,1.00,-0.03,0.99,-0.00,1.00,-0.00,1.00
0.02682,1.00,0.99,-0.02,0.98,-0.00,0.99,0.00,0.99
0.02702,1.00,1.01,-0.02,0.99,-0.00,1.00,0.00,1.01
0.02722,1.00,1.00,-0.03,0.99,-0.00,1.00,-0.00,1.00
0.02742,1.00,0.99,-0.02,0.98,-0.00,0.99,0.00,0.99
0.02762,1.00,1.01,-0.02,1.00,-0.00,1.01,0.00,1.01
0.02782,1.00,1.00,-0.03,0.98,-0.00,0.99,-0.00,1.00
0.02802,1.00,0.99,-0.02,0.98,-0.00,0.99,0.00,0.99
0.02822,1.00,1.01,-0.02,1.00,-0.00,1.01,0.00,1.01
0.02842,1.00,0.99,-0.03,0.98,-0.00,0.99,-0.00,0.99
0.02862,1.00,0.99,-0.02,0.98,-0.00,0.99,0.00,0.99
0.02882,1.00,1.01,-0.02,1.00,-0.00,1.01,0.00,1.01
0.02902,1.00,0.99,-0.03,0.98,-0.00,0.99,-0.00,0.99
0.02922,1.00,1.00,-0.02,0.98,-0.00,0.99,0.00,1.00
0.02942,1.00,1.01,-0.02,0.99,-0.00,1.01,0.00,1.01
0.02962,1.00,0.99,-0.03,0.98,-0.00,0.99,0.00,0.99
0.02982,1.00,1.00,-0.02,0.99,-0.00,1.00,0.00,1.00
0.03002,1.00,1.01,-0.03,0.99,-0.00,1.00,0.00,1.01
0.03022,1.00,0.99,-0.02,0.98,-0.00,0.99,0.00,0.99
0.03042,1.00,1.00,-0.02,0.99,-0.00,1.00,0.00,1.00
0.03062,1.00,1.01,-0.03,0.99,-0.00,1.00,0.00,1.01
0.03082,1.00,0.99,-0.02,0.98,-0.00,0.99,0.00,0.99
0.03102,1.00,1.00,-0.02,0.99,-0.00,1.00,0.00,1.00
0.03122,1.00,1.00,-0.03,0.99,-0.00,1.00,-0.00,1.00
0.03142,1.00,0.99,-0.02,0.98,-0.00,0.99,0.00,0.99
0.03162,1.00,1.00,-0.02,0.99,-0.00,1.00,0.00,1.00
0.03182,1.00,1.00,-0.03,0.99,-0.00,1.00,-0.00,1.00
0.03202,1.00,0.99,-0.02,0.98,-0.00,0.99,0.00,0.99
0.03222,1.00,1.01,-0.02,0.99,-0.00,1.00,0.00,1.01
0.03242,1.00,1.00,-0.03,0.99,-0.00,1.00,-0.00,1.00
0.03262,1.00,0.99,-0.02,0.98,-0.00,0.99,0.00,0.99
0.03282,1.00,1.01,-0.02,0.99,-0.00,1.00,0.00,1.01
0.03302,1.00,1.00,-0.03,0.99,-0.00,1.00,-0.00,1.00
0.03322,1.00,0.99,-0.02,0.98,-0.00,0.99,0.00,0.99
0.03342,1.00,1.01,-0.02,0.99,-0.00,1.00,0.00,1.01
0.03362,1.00,1.00,-0.03,0.98,-0.00,0.99,-0.00,1.00
0.03382,1.00,1.00,-0.02,0.98,-0.00,0.99,0.00,1.00
0.03402,1.00,1.01,-0.02,0.99,-0.00,1.01,0.00,1.01
0.03422,1.00,1.00,-0.03,0.98,-0.00,0.99,-0.00,1.00
0.03442,1.00,1.00,-0.02,0.98,-0.00,0.99,0.00,1.00
0.03462,1.00,1.01,-0.02,0.99,-0.00,1.00,0.00,1.01
0.03482,1.00,0.99,-0.03,0.98,-0.00,0.99,0.00,0.99
0.03502,1.00,1.00,-0.02,0.99,-0.00,1.00,0.00,1.00
0.03522,1.00,1.01,-0.02,0.99,-0.00,1.00,0.00,1.01
0.03542,1.00,0.99,-0.03,0.98,-0.00,0.99,0.00,0.99
0.03562,1.00,1.00,-0.02,0.99,-0.00,1.00,0.00,1.00
0.03582,1.00,1.01,-0.03,0.99,-0.00,1.00,0.00,1.01
0.03602,1.00,0.99,-0.02,0.98,-0.00,0.99,0.00,0.99
0.03622,1.00,1.00,-0.02,0.99,-0.00,1.00,0.00,1.00
0.03642,1.00,1.00,-0.03,0.99,-0.00,1.00,0.00,1.00
0.03662,1.00,0.99,-0.02,0.98,-0.00,0.99,0.00,0.99
0.03682,1.00,1.00,-0.02,0.99,-0.00,1.00,0.00,1.00
0.03702,1.00,1.00,-0.03,0.99,-0.00,1.00,0.00,1.00
0.03722,1.00,0.99,-0.02,0.98,-0.00,0.99,0.00,0.99
0.03742,1.00,1.00,-0.02,0.99,-0.00,1.00,0.00,1.00
0.03762,1.00,1.00,-0.03,0.99,-0.00,1.00,-0.00,1.00
0.03782,1.00,0.99,-0.02,0.98,-0.00,0.99,0.00,0.99
0.03802,1.00,1.01,-0.02,0.99,-0.00,1.00,0.00,1.01
0.03822,1.00,1.00,-0.03,0.99,-0.00,1.00,-0.00,1.00
0.03842,1.00,0.99,-0.02,0.98,-0.00,0.99,0.00,0.99
0.03862,1.00,1.01,-0.02,0.99,-0.00,1.00,0.00,1.01
0.03882,1.00,1.00,-0.03,0.99,-0.00,1.00,-0.00,1.00
0.03902,1.00,1.00,-0.02,0.98,-0.00,0.99,0.00,1.00
0.03922,1.00,1.01,-0.02,0.99,-0.00,1.00,0.00,1.01
0.03942,1.00,1.00,-0.03,0.98,-0.00,1.00,0.00,1.00
0.03962,1.00,1.00,-0.02,0.98,-0.00,0.99,0.00,1.00
0.03982,1.00,1.01,-0.02,0.99,-0.00,1.00,0.00,1.01
0.04002,1.00,1.00,-0.03,0.98,-0.00,0.99,0.00,1.00
0.04022,1.00,1.00,-0.02,0.98,-0.00,1.00,0.00,1.00
0.04042,1.00,1.01,-0.02,0.99,-0.00,1.00,0.00,1.01
0.04062,1.00,1.00,-0.03,0.98,-0.00,0.99,0.00,1.00
0.04082,1.00,1.00,-0.02,0.99,-0.00,1.00,0.00,1.00
0.04102,1.00,1.01,-0.02,0.99,-0.00,1.00,0.00,1.01
0.04122,1.00,0.99,-0.02,0.98,-0.00,0.99,0.00,0.99
0.04142,1.00,1.00,-0.02,0.99,-0.00,1.00,0.00,1.00
0.04162,1.00,1.00,-0.03,0.99,-0.00,1.00,0.00,1.00
0.04182,1.00,0.99,-0.02,0.98,-0.00,0.99,0.00,0.99
0.04202,1.00,1.00,-0.02,0.99,-0.00,1.00,0.00,1.00
0.04222,1.00,1.00,-0.03,0.99,-0.00,1.00,0.00,1.00
0.04242,1.00,0.99,-0.02,0.98,-0.00,0.99,0.00,0.99
0.04262,1.00,1.00,-0.02,0.99,-0.00,1.00,0.00,1.00
0.04282,1.00,1.00,-0.03,0.99,-0.00,1.00,0.00,1.00
0.04302,1.00,0.99,-0.02,0.98,-0.00,0.99,0.00,0.99
0.04322,1.00,1.00,-0.02,0.99,-0.00,1.00,0.00,1.00
0.04342,1.00,1.00,-0.03,0.99,-0.00,1.00,0.00,1.00
0.04362,1.00,0.99,-0.02,0.98,-0.00,0.99,0.00,0.99
0.04382,1.00,1.00,-0.02,0.99,-0.00,1.00,0.00,1.00
0.04402,1.00,1.00,-0.03,0.99,-0.00,1.00,0.00,1.00
0.04422,1.00,1.00,-0.02,0.98,-0.00,0.99,0.00,1.00
0.04442,1.00,1.01,-0.02,0.99,-0.00,1.00,0.00,1.01
0.04462,1.00,1.00,-0.03,0.99,-0.00,1.00,0.00,1.00
0.04482,1.00,1.00,-0.02,0.98,-0.00,0.99,0.00,1.00
0.04502,1.00,1.01,-0.02,0.99,-0.00,1.00,0.00,1.01
0.04522,1.00,1.00,-0.03,0.99,-0.00,1.00,0.00,1.00
0.04542,1.00,1.00,-0.02,0.98,-0.00,0.99,0.00,1.00
0.04562,1.00,1.01,-0.02,0.99,-0.00,1.00,0.00,1.01
0.04582,1.00,1.00,-0.03,0.98,-0.00,0.99,0.00,1.00
0.04602,1.00,1.00,-0.02,0.99,-0.00,1.00,0.00,1.00
0.04622,1.00,1.01,-0.02,0.99,-0.00,1.00,0.00,1.01
0.04642,1.00,1.00,-0.03,0.98,-0.00,0.99,0.00,1.00
0.04662,1.00,1.00,-0.02,0.99,-0.00,1.00,0.00,1.00
0.04682,1.00,1.00,-0.02,0.99,-0.00,1.00,0.00,1.00
0.04702,1.00,1.00,-0.02,0.98,-0.00,0.99,0.00,1.00
0.04722,1.00,1.00,-0.02,0.99,-0.00,1.00,0.00,1.00
0.04742,1.00,1.00,-0.02,0.99,-0.00,1.00,0.00,1.00
0.04762,1.00,1.00,-0.02,0.98,-0.00,0.99,0.00,1.00
0.04782,1.00,1.00,-0.02,0.99,-0.00,1.00,0.00,1.00
0.04802,1.00,1.00,-0.03,0.99,-0.00,1.00,0.00,1.00
0.04822,1.00,1.00,-0.02,0.98,-0.00,0.99,0.00,1.00
0.04842,1.00,1.00,-0.02,0.99,-0.00,1.00,0.00,1.00
0.04862,1.00,1.00,-0.03,0.99,-0.00,1.00,0.00,1.00
0.04882,1.00,1.00,-0.02,0.98,-0.00,0.99,0.00,1.00
0.04902,1.00,1.00,-0.02,0.99,-0.00,1.00,0.00,1.00
0.04922,1.00,1.00,-0.03,0.99,-0.00,1.00,0.00,1.00
0.04942,1.00,1.00,-0.02,0.98,-0.00,0.99,0.00,1.00
0.04962,1.00,1.00,-0.02,0.99,-0.00,1.00,0.00,1.00
0.04982,1.00,1.00,-0.03,0.99,-0.00,1.00,0.00,1.00
0.05002,1.00,1.00,-0.02,0.98,-0.00,0.99,0.00,1.00
0.05022,1.00,1.00,-0.02,0.99,-0.00,1.00,0.00,1.00
0.05042,1.00,1.00,-0.03,0.99,-0.00,1.00,0.00,1.00
0.05062,1.00,1.00,-0.02,0.98,-0.00,0.99,0.00,1.00
0.05082,1.00,1.00,-0.02,0.99,-0.00,1.00,0.00,1.00
0.05102,1.00,1.00,-0.03,0.99,-0.00,1.00,0.00,1.00
0.05122,1.00,1.00,-0.02,0.99,-0.00,1.00,0.00,1.00
0.05142,1.00,1.00,-0.02,0.99,-0.00,1.00,0.00,1.00
0.05162,1.00,1.00,-0.03,0.98,-0.00,0.99,0.00,1.00
0.05182,1.00,1.00,-0.02,0.99,-0.00,1.00,0.00,1.00
0.05202,1.00,1.00,-0.02,0.99,-0.00,1.00,0.00,1.00
0.05222,1.00,1.00,-0.02,0.98,-0.00,0.99,0.00,1.00
0.05242,1.00,1.00,-0.02,0.99,-0.00,1.00,0.00,1.00
0.05262,1.00,1.00,-0.02,0.99,-0.00,1.00,0.00,1.00
0.05282,1.00,1.00,-0.02,0.98,-0.00,0.99,0.00,1.00
0.05302,1.00,1.00,-0.02,0.99,-0.00,1.00,0.00,1.00
0.05322,1.00,1.00,-0.02,0.99,-0.00,1.00,0.00,1.00
0.05342,1.00,1.00,-0.02,0.98,-0.00,0.99,0.00,1.00
0.05362,1.00,1.00,-0.02,0.99,-0.00,1.00,0.00,1.00
0.05382,1.00,1.00,-0.02,0.99,-0.00,1.00,0.00,1.00
0.05402,1.00,1.00,-0.02,0.98,-0.00,0.99,0.00,1.00
0.05422,1.00,1.00,-0.02,0.99,-0.00,1.00,0.00,1.00
0.05442,1.00,1.00,-0.03,0.99,-0.00,1.00,0.00,1.00
0.05462,1.00,1.00,-0.02,0.98,-0.00,0.99,0.00,1.00
0.05482,1.00,1.00,-0.02,0.99,-0.00,1.00,0.00,1.00
0.05502,1.00,1.00,-0.03,0.99,-0.00,1.00,0.00,1.00
0.05522,1.00,1.00,-0.02,0.98,-0.00,0.99,0.00,1.00
0.05542,1.00,1.00,-0.02,0.99,-0.00,1.00,0.00,1.00
0.05562,1.00,1.00,-0.03,0.99,-0.00,1.00,0.00,1.00
0.05582,1.00,1.00,-0.02,0.98,-0.00,0.99,0.00,1.00
0.05602,1.00,1.00,-0.02,0.99,-0.00,1.00,0.00,1.00
0.05622,1.00,1.00,-0.03,0.99,-0.00,1.00,0.00,1.00
0.05642,1.00,1.00,-0.02,0.98,-0.00,1.00,0.00,1.00
0.05662,1.00,1.00,-0.02,0.99,-0.00,1.00,0.00,1.00
0.05682,1.00,1.00,-0.02,0.99,-0.00,1.00,0.00,1.00
0.05702,1.00,1.00,-0.02,0.99,-0.00,1.00,0.00,1.00
0.05722,1.00,1.00,-0.02,0.99,-0.00,1.00,0.00,1.00
0.05742,1.00,1.00,-0.02,0.99,-0.00,1.00,0.00,1.00
0.05762,1.00,1.00,-0.02,0.99,-0.00,1.00,0.00,1.00
0.05782,1.00,1.00,-0.02,0.99,-0.00,1.00,0.00,1.00
0.05802,1.00,1.00,-0.02,0.98,-0.00,0.99,0.00,1.00
0.05822,1.00,1.00,-0.02,0.99,-0.00,1.00,0.00,1.00
0.05842,1.00,1.00,-0.02,0.99,-0.00,1.00,0.00,1.00
0.05862,1.00,1.00,-0.02,0.98,-0.00,0.99,0.00,1.00
0.05882,1.00,1.00,-0.02,0.99,-0.00,1.00,0.00,1.00
0.05902,1.00,1.00,-0.02,0.99,-0.00,1.00,0.00,1.00
0.05922,1.00,1.00,-0.02,0.98,-0.00,0.99,0.00,1.00
0.05942,1.00,1.00,-0.02,0.99,-0.00,1.00,0.00,1.00
0.05962,1.00,1.00,-0.02,0.99,-0.00,1.00,0.00,1.00
0.05982,1.00,1.00,-0.02,0.98,-0.00,0.99,0.00,1.00
